L1 size is: 10
L1 = 0 2 4 6 8 10 12 14 16 18

L1 size is: 18
L1 = 800 700 600 500 400 300 200 100 0 2 4 6 8 10 12 14 16 18

L1 size is: 17
L1 = 800 700 600 500 400 300 200 100 0 2 4 6 8 10 12 14 16

L1 size is: 16
L1 = 800 700 600 500 400 300 200 100 0 2 4 6 8 10 12 14

L1 size is: 15
L1 = 700 600 500 400 300 200 100 0 2 4 6 8 10 12 14

L1 size is: 14
L1 = 600 500 400 300 200 100 0 2 4 6 8 10 12 14

Testing some inserts with an iterator

L1 size is: 17
L1 = 999 600 500 888 400 300 200 777 100 0 2 4 6 8 10 12 14

Testing some removes (with iterator)

L1 size is: 16
L1 = 999 600 500 888 400 300 200 777 100 0 4 6 8 10 12 14

L1 size is: 15
L1 = 999 600 500 888 400 200 777 100 0 4 6 8 10 12 14

L2 size is: 10
L2 = 1 4 7 10 13 16 19 22 25 28

L3 size is: 22
L3 = 999 600 500 888 400 200 777 100 0 4 6 8 10 12 14 100 100 100 100 100 100 100

L4 size is: 25
L4 = 1 4 7 10 13 16 19 22 25 28 999 600 500 888 400 200 777 100 0 4 6 8 10 12 14

